010000
110000
100000
010000
110000
100000
000000
010000
100000
110000
000000
000000
000000
100000
100000
100000
010000
110000
100000
100000
110000
110000
000000
000000
110000
010000
100000
110000
010000
000000
110000
110000
100000
100000
110000
100000
110000
000000
000000
100000
000000
110000
010000
100000
000000
110000
110000
110000
000000
100000
000000
110000
110000
000000
100000
000000
110000
000000
010000
110000
100000
110000
110000
000000
100000
010000
100000
110000
010000
010000
000000
100000
010000
100000
100000
100000
000000
000000
010000
100000
110000
110000
100000
100000
110000
110000
100000
100000
010000
000000
100000
010000
110000
010000
000000
010000
010000

